# d  Tot-E
1.000000000000000000e+00 -7.915285233342905791e+00 
1.100000000000000089e+00 -7.954966742808735169e+00 
1.199999999999999956e+00 -7.981046662860501684e+00 
1.300000000000000044e+00 -7.997595893296664649e+00 
1.399999999999999911e+00 -8.007460541236397944e+00 
1.500000000000000000e+00 -8.012602593013093966e+00 
1.594999999999999973e+00 -8.014354660626372251e+00 
1.600000000000000089e+00 -8.014379678050959299e+00 
1.699999999999999956e+00 -8.013753737373274788e+00 
1.800000000000000044e+00 -8.011424410583982691e+00 
1.899999999999999911e+00 -8.007909362913332885e+00 
2.000000000000000000e+00 -8.003595018663869354e+00 
2.250000000000000000e+00 -7.991045459065553302e+00 
2.500000000000000000e+00 -7.978040533577384075e+00 
2.750000000000000000e+00 -7.966058455678161287e+00 
3.000000000000000000e+00 -7.955867203749802385e+00 
5.000000000000000000e+00 -7.932196807336899802e+00 
