           5
 -0.3298428023E-01   1   1   1   1   1   1
  0.4964719423E-02   1   1   2   1   1   1
  0.4716941320E-02   1   1   2   1   1   2
  0.4542143307E-02   1   1   3   1   1   3
  0.4542143307E-02   1   1   4   1   1   4
  0.4542143307E-02   1   1   5   1   1   5
 -0.8909238127E-03   1   2   2   1   1   1
 -0.1366564404E-02   1   2   2   1   1   2
 -0.1366901079E-02   1   2   3   1   1   3
 -0.1366901079E-02   1   2   4   1   1   4
 -0.1366901079E-02   1   2   5   1   1   5
 -0.2787738638E-02   1   2   2   1   2   2
 -0.2949521932E-02   1   2   3   1   2   3
 -0.2949521932E-02   1   2   4   1   2   4
 -0.2949521932E-02   1   2   5   1   2   5
  0.1186947064E-05   1   3   3   1   1   1
  0.1144992759E-03   1   3   3   1   1   2
 -0.7818904930E-04   1   3   3   1   2   2
 -0.2975036912E-02   1   3   3   1   3   3
 -0.3181110627E-02   1   3   4   1   3   4
 -0.3181110627E-02   1   3   5   1   3   5
  0.1186947064E-05   1   4   4   1   1   1
  0.1144992759E-03   1   4   4   1   1   2
 -0.7818904930E-04   1   4   4   1   2   2
  0.9928169370E-04   1   4   4   1   3   3
 -0.2975036912E-02   1   4   4   1   4   4
 -0.3181110627E-02   1   4   5   1   4   5
  0.1186947064E-05   1   5   5   1   1   1
  0.1144992759E-03   1   5   5   1   1   2
 -0.7818904930E-04   1   5   5   1   2   2
  0.9928169370E-04   1   5   5   1   3   3
  0.9928169370E-04   1   5   5   1   4   4
 -0.2975036912E-02   1   5   5   1   5   5
  0.1871956086E-03   2   2   2   1   1   1
  0.3244802383E-03   2   2   2   1   1   2
  0.3329696761E-03   2   2   3   1   1   3
  0.3329696761E-03   2   2   4   1   1   4
  0.3329696761E-03   2   2   5   1   1   5
  0.4498083952E-03   2   2   2   1   2   2
  0.4858005790E-03   2   2   3   1   2   3
  0.4858005790E-03   2   2   4   1   2   4
  0.4858005790E-03   2   2   5   1   2   5
 -0.1130689914E-04   2   3   3   1   1   1
 -0.3909131108E-04   2   3   3   1   1   2
 -0.4478824364E-04   2   3   3   1   2   2
  0.4971866845E-03   2   3   3   1   3   3
  0.5367388973E-03   2   3   4   1   3   4
  0.5367388973E-03   2   3   5   1   3   5
 -0.1130689914E-04   2   4   4   1   1   1
 -0.3909131108E-04   2   4   4   1   1   2
 -0.4478824364E-04   2   4   4   1   2   2
 -0.1923605985E-04   2   4   4   1   3   3
  0.4971866845E-03   2   4   4   1   4   4
  0.5367388973E-03   2   4   5   1   4   5
 -0.1130689914E-04   2   5   5   1   1   1
 -0.3909131108E-04   2   5   5   1   1   2
 -0.4478824364E-04   2   5   5   1   2   2
 -0.1923605985E-04   2   5   5   1   3   3
 -0.1923605985E-04   2   5   5   1   4   4
  0.4971866845E-03   2   5   5   1   5   5
 -0.4824162230E-03   2   2   2   2   2   2
 -0.4167692819E-03   2   2   3   2   2   3
 -0.4167692819E-03   2   2   4   2   2   4
 -0.4167692819E-03   2   2   5   2   2   5
 -0.5269491516E-04   2   3   3   2   1   1
 -0.7376723960E-04   2   3   3   2   1   2
 -0.1070033541E-03   2   3   3   2   2   2
 -0.3783821138E-03   2   3   3   2   3   3
 -0.3343286195E-03   2   3   4   2   3   4
 -0.3343286195E-03   2   3   5   2   3   5
 -0.5269491516E-04   2   4   4   2   1   1
 -0.7376723960E-04   2   4   4   2   1   2
 -0.1070033541E-03   2   4   4   2   2   2
 -0.2140239502E-04   2   4   4   2   3   3
 -0.3783821138E-03   2   4   4   2   4   4
 -0.3343286195E-03   2   4   5   2   4   5
 -0.5269491516E-04   2   5   5   2   1   1
 -0.7376723960E-04   2   5   5   2   1   2
 -0.1070033541E-03   2   5   5   2   2   2
 -0.2140239502E-04   2   5   5   2   3   3
 -0.2140239502E-04   2   5   5   2   4   4
 -0.3783821138E-03   2   5   5   2   5   5
 -0.6480799562E-04   3   3   3   1   1   3
 -0.4955306579E-04   3   3   4   1   1   4
 -0.4955306579E-04   3   3   5   1   1   5
 -0.1036123303E-03   3   3   3   1   2   3
 -0.6870989106E-04   3   3   4   1   2   4
 -0.6870989106E-04   3   3   5   1   2   5
 -0.7555580518E-05   3   4   4   1   1   3
 -0.1713238816E-04   3   4   4   1   2   3
 -0.7555580518E-05   3   5   5   1   1   3
 -0.1713238816E-04   3   5   5   1   2   3
 -0.2421673559E-03   3   3   3   2   2   3
 -0.7123768149E-04   3   3   4   2   2   4
 -0.7123768149E-04   3   3   5   2   2   5
 -0.1713238816E-04   3   4   4   2   1   3
 -0.8347264819E-04   3   4   4   2   2   3
 -0.1713238816E-04   3   5   5   2   1   3
 -0.8347264819E-04   3   5   5   2   2   3
 -0.4228996984E-03   3   3   3   3   3   3
 -0.2525878638E-03   3   3   4   3   3   4
 -0.2525878638E-03   3   3   5   3   3   5
 -0.4955306579E-04   3   4   4   3   1   1
 -0.6870989106E-04   3   4   4   3   1   2
 -0.7123768149E-04   3   4   4   3   2   2
 -0.4188852034E-04   3   4   4   3   3   3
 -0.2525878638E-03   3   4   4   3   4   4
 -0.2838829850E-03   3   4   5   3   4   5
 -0.4955306579E-04   3   5   5   3   1   1
 -0.6870989106E-04   3   5   5   3   1   2
 -0.7123768149E-04   3   5   5   3   2   2
 -0.4188852034E-04   3   5   5   3   3   3
  0.1603113332E-04   3   5   5   3   4   4
 -0.2525878638E-03   3   5   5   3   5   5
 -0.6480799562E-04   4   4   4   1   1   4
 -0.4955306579E-04   4   4   5   1   1   5
 -0.1036123303E-03   4   4   4   1   2   4
 -0.6870989106E-04   4   4   5   1   2   5
 -0.7555580518E-05   4   5   5   1   1   4
 -0.1713238816E-04   4   5   5   1   2   4
 -0.2421673559E-03   4   4   4   2   2   4
 -0.7123768149E-04   4   4   5   2   2   5
 -0.1713238816E-04   4   5   5   2   1   4
 -0.8347264819E-04   4   5   5   2   2   4
 -0.4188852034E-04   4   4   4   3   3   4
  0.1603113332E-04   4   4   5   3   3   5
 -0.2715483650E-04   4   5   5   3   3   4
 -0.4228996984E-03   4   4   4   4   4   4
 -0.2525878638E-03   4   4   5   4   4   5
 -0.4955306579E-04   4   5   5   4   1   1
 -0.6870989106E-04   4   5   5   4   1   2
 -0.7123768149E-04   4   5   5   4   2   2
  0.1603113332E-04   4   5   5   4   3   3
 -0.4188852034E-04   4   5   5   4   4   4
 -0.2525878638E-03   4   5   5   4   5   5
 -0.6480799562E-04   5   5   5   1   1   5
 -0.1036123303E-03   5   5   5   1   2   5
 -0.2421673559E-03   5   5   5   2   2   5
 -0.4188852034E-04   5   5   5   3   3   5
 -0.4188852034E-04   5   5   5   4   4   5
 -0.4228996984E-03   5   5   5   5   5   5
