&FCI
 NORB=4,
 NELEC=2,
 MS2=0,
 ISYM=1,
 ORBSYM=1,1,1,1,
 ST=1,
 III=1,
 OCC=1,
 CLOSED=1,
 /
   0.44417513278749232                1           1           1           1
   0.15538505294293442                2           1           1           1
   0.95398912102231836E-001           1           2           1           1
   0.41475057295270179                2           2           1           1
   0.38568582259801631                3           3           1           1
   0.38568582259801648                4           4           1           1
   0.15538505294293442                1           1           2           1
   0.19280440159019491                2           1           2           1
   0.10737452173477557                1           2           2           1
   0.16541994028943921                2           2           2           1
   0.88015292758571229E-001           3           3           2           1
   0.88015292758571229E-001           4           4           2           1
   0.11787078027687836                3           1           3           1
   0.26270961336229873E-001           3           2           3           1
   0.70756050595434133E-001           1           3           3           1
  -0.17782384513637575E-001           2           3           3           1
   0.11787078027687842                4           1           4           1
   0.26270961336229845E-001           4           2           4           1
   0.70756050595434175E-001           1           4           4           1
  -0.17782384513637610E-001           2           4           4           1
   0.95398912102231836E-001           1           1           1           2
   0.10737452173477557                2           1           1           2
   0.21944641879356269E-001           1           2           1           2
   0.10446605449779722                2           2           1           2
   0.64777617592733483E-001           3           3           1           2
   0.64777617592733511E-001           4           4           1           2
   0.41475057295270179                1           1           2           2
   0.16541994028943921                2           1           2           2
   0.10446605449779722                1           2           2           2
   0.42072650697223440                2           2           2           2
   0.35454133813842653                3           3           2           2
   0.35454133813842675                4           4           2           2
   0.26270961336229873E-001           3           1           3           2
   0.34400564120709388E-001           3           2           3           2
   0.20625052142406133E-001           1           3           3           2
   0.29701627650332907E-001           2           3           3           2
   0.26270961336229845E-001           4           1           4           2
   0.34400564120709416E-001           4           2           4           2
   0.20625052142406120E-001           1           4           4           2
   0.29701627650332942E-001           2           4           4           2
   0.70756050595434133E-001           3           1           1           3
   0.20625052142406133E-001           3           2           1           3
   0.23641320913989919E-001           1           3           1           3
  -0.23428293707461308E-001           2           3           1           3
  -0.17782384513637575E-001           3           1           2           3
   0.29701627650332907E-001           3           2           2           3
  -0.23428293707461308E-001           1           3           2           3
   0.25002691179956425E-001           2           3           2           3
   0.38568582259801631                1           1           3           3
   0.88015292758571229E-001           2           1           3           3
   0.64777617592733483E-001           1           2           3           3
   0.35454133813842653                2           2           3           3
   0.37256096217516727                3           3           3           3
   0.13379419929166406E-005           4           3           3           3
   0.13379419929117818E-005           3           4           3           3
   0.33823252054867381                4           4           3           3
   0.13379419929166406E-005           3           3           4           3
   0.17125206678732591E-001           4           3           4           3
   0.17125206678732591E-001           3           4           4           3
  -0.13379419931138922E-005           4           4           4           3
   0.70756050595434175E-001           4           1           1           4
   0.20625052142406120E-001           4           2           1           4
   0.23641320913989947E-001           1           4           1           4
  -0.23428293707461339E-001           2           4           1           4
  -0.17782384513637610E-001           4           1           2           4
   0.29701627650332942E-001           4           2           2           4
  -0.23428293707461339E-001           1           4           2           4
   0.25002691179956460E-001           2           4           2           4
   0.13379419929117818E-005           3           3           3           4
   0.17125206678732591E-001           4           3           3           4
   0.17125206678732591E-001           3           4           3           4
  -0.13379419931179429E-005           4           4           3           4
   0.38568582259801648                1           1           4           4
   0.88015292758571229E-001           2           1           4           4
   0.64777617592733511E-001           1           2           4           4
   0.35454133813842675                2           2           4           4
   0.33823252054867381                3           3           4           4
  -0.13379419931138922E-005           4           3           4           4
  -0.13379419931179429E-005           3           4           4           4
   0.37256096217516760                4           4           4           4
  -0.78045379222312639                1           1           0           0
  -0.14370362033696515                1           2           0           0
  -0.14370362033696515                2           1           0           0
  -0.30299069118480682                2           2           0           0
  -0.17935268318393249                3           3           0           0
  -0.17935268318393260                4           4           0           0
   -6.9019587631741084                0           0           0           0
