&FCI
 NORB=2,
 NELEC=2,
 MS2=0,
 ISYM=1,
 ORBSYM=1,1,
 ST=1,
 III=1,
 OCC=1,
 CLOSED=1,
 /
   0.64190493383301883                1           1           1           1
   0.63109649988979910                2           2           1           1
   0.28488894580452484                2           1           2           1
   0.15769530454445815                1           2           2           1
   0.15769530454445815                2           1           1           2
   0.30501663284391495E-001           1           2           1           2
   0.63109649988979910                1           1           2           2
   0.66375157284930209                2           2           2           2
   -1.2822132690502004                1           1           0           0
  -0.45259245333691289                2           2           0           0
   0.75596744417143047                0           0           0           0
