  -0.17929905587475020E-002       1       1       1       1       1       1
  -0.49465507056474321E-002       1       1       1       1       2       2
  -0.49465507056474321E-002       1       1       1       2       1       2
  -0.49465507056474321E-002       1       1       1       2       2       1
  -0.21485084606986107E-002       1       1       2       1       1       2
  -0.49465507056474321E-002       1       1       2       1       2       1
  -0.49465507056474321E-002       1       1       2       2       1       1
  -0.47950727345067706E-002       1       1       2       2       2       2
  -0.49465507056474321E-002       1       2       1       1       1       2
  -0.21485084606986107E-002       1       2       1       1       2       1
  -0.49465507056474321E-002       1       2       1       2       1       1
  -0.47950727345067706E-002       1       2       1       2       2       2
  -0.49465507056474321E-002       1       2       2       1       1       1
  -0.28089984458777363E-002       1       2       2       1       2       2
  -0.47950727345067706E-002       1       2       2       2       1       2
  -0.47950727345067706E-002       1       2       2       2       2       1
  -0.49465507056474321E-002       2       1       1       1       1       2
  -0.49465507056474321E-002       2       1       1       1       2       1
  -0.21485084606986107E-002       2       1       1       2       1       1
  -0.47950727345067706E-002       2       1       1       2       2       2
  -0.49465507056474321E-002       2       1       2       1       1       1
  -0.47950727345067706E-002       2       1       2       1       2       2
  -0.28089984458777363E-002       2       1       2       2       1       2
  -0.47950727345067706E-002       2       1       2       2       2       1
  -0.49465507056474321E-002       2       2       1       1       1       1
  -0.47950727345067706E-002       2       2       1       1       2       2
  -0.47950727345067706E-002       2       2       1       2       1       2
  -0.28089984458777363E-002       2       2       1       2       2       1
  -0.47950727345067706E-002       2       2       2       1       1       2
  -0.47950727345067706E-002       2       2       2       1       2       1
  -0.47950727345067706E-002       2       2       2       2       1       1
  -0.39707637814728131E-002       2       2       2       2       2       2
