# E   N
-1.171707387974066261e+00   2.000000000000000000e+00
-5.262458248787712511e-01   1.000000000000000000e+00
-5.262458248787703630e-01   1.000000000000000000e+00
-5.062547914628784396e-01   3.000000000000000000e+00
-5.062547914628777734e-01   3.000000000000000000e+00
-5.054370828703417251e-01   2.000000000000000000e+00
-5.054370828703417251e-01   2.000000000000000000e+00
-5.054370828703417251e-01   2.000000000000000000e+00
-1.900464737814246963e-01   2.000000000000000000e+00
3.033749908345177437e-01   1.000000000000000000e+00
3.033749908345179103e-01   1.000000000000000000e+00
