# R 	tot-E	
0.4  -9.817983078439999067e-01
0.5  -1.104225098730999832e+00
0.6  -1.155559010436000067e+00
0.7  -1.171333958204999970e+00
0.8  -1.168656167609000152e+00
0.9  -1.156173014584999992e+00
1.0  -1.138940540388000189e+00
1.1  -1.119651025890000096e+00
1.2  -1.100275375375000086e+00
1.3  -1.081618485811999930e+00
1.4  -1.064702061476999972e+00
1.6  -1.036982575426999897e+00
1.8  -1.017191545268000041e+00
2.0  -1.005431668523999900e+00
3.0  -9.958033387349999321e-01
4.0  -9.996970475619999519e-01
