# R 	tot-E
0.4  -9.797898895110001005e-01
0.5  -1.101689250615000004e+00
0.6  -1.153083314515999991e+00
0.7  -1.169909553309000039e+00
0.8  -1.169036156273999927e+00
0.9  -1.159178891695000102e+00
1.0  -1.145154490262999980e+00
1.1  -1.128933365158999891e+00
1.2  -1.112505717791000048e+00
1.3  -1.096342091854999978e+00
1.4  -1.081410367549999973e+00
1.6  -1.055658410494999977e+00
1.8  -1.036456240519999961e+00
2.0  -1.023174268281000110e+00
3.0  -1.000826055531000014e+00
4.0  -9.997713396020000420e-01
